   4.7328E+03  5.99E+01  4.42E-02
   7.3700E+03  5.89E+01  4.47E-02
   8.6789E+03  5.83E+01  4.52E-02
   9.3453E+03  5.77E+01  4.52E-02
   1.0643E+04  5.82E+01  4.64E-02
   1.9507E+04  5.32E+01  5.16E-02
   2.7187E+04  5.22E+01  5.16E-02
   2.8460E+04  5.45E+01  4.98E-02
   3.0563E+04  5.43E+01  5.03E-02
   3.1747E+04  5.22E+01  5.20E-02
   3.2160E+04  5.24E+01  5.14E-02
   4.0414E+04  5.50E+01  5.13E-02
   4.0797E+04  5.46E+01  5.19E-02
   4.2303E+04  5.35E+01  4.99E-02
   4.7089E+04  5.47E+01  5.11E-02
   4.8911E+04  5.48E+01  5.00E-02
   5.4527E+04  5.13E+01  5.43E-02
   5.6600E+04  5.21E+01  5.23E-02
   5.8957E+04  5.50E+01  5.04E-02
   6.4551E+04  5.57E+01  4.94E-02
   7.1161E+04  4.97E+01  5.38E-02
   7.9767E+04  5.42E+01  5.00E-02
   8.0683E+04  5.41E+01  5.08E-02
   8.4090E+04  5.42E+01  5.04E-02
   8.5483E+04  5.33E+01  5.33E-02
   8.7964E+04  5.30E+01  5.08E-02
   8.9830E+04  5.43E+01  5.08E-02
   9.0116E+04  5.42E+01  5.20E-02
   9.0687E+04  5.44E+01  5.17E-02
   9.1478E+04  5.41E+01  5.07E-02
   9.1757E+04  5.41E+01  5.07E-02
   9.4635E+04  5.34E+01  5.24E-02
   9.6190E+04  5.41E+01  5.08E-02
   9.7452E+04  5.37E+01  5.14E-02
   1.0045E+05  5.40E+01  5.11E-02
   1.0236E+05  5.37E+01  5.22E-02
   1.0503E+05  5.33E+01  5.29E-02
   1.0598E+05  5.33E+01  5.21E-02
   1.0903E+05  5.34E+01  5.31E-02
   1.1193E+05  5.36E+01  5.22E-02
   1.1281E+05  5.37E+01  5.37E-02
   1.1305E+05  5.37E+01  5.22E-02
   1.1389E+05  5.37E+01  5.30E-02
   1.1436E+05  5.36E+01  5.32E-02
   1.1545E+05  5.34E+01  5.26E-02
   1.1673E+05  5.39E+01  5.23E-02
   1.2316E+05  5.39E+01  5.45E-02
   1.2475E+05  5.37E+01  5.44E-02
   1.2753E+05  5.32E+01  5.41E-02
   1.2770E+05  5.30E+01  5.27E-02
   1.2963E+05  5.32E+01  5.30E-02
   1.3318E+05  5.38E+01  5.31E-02
   1.3624E+05  5.45E+01  5.27E-02
   1.3678E+05  5.44E+01  5.29E-02
   1.3715E+05  5.44E+01  5.30E-02
   1.3733E+05  5.45E+01  5.34E-02
   1.3905E+05  5.45E+01  5.26E-02
   1.4060E+05  5.42E+01  5.26E-02
   1.4096E+05  5.41E+01  5.34E-02
   1.4496E+05  5.42E+01  5.44E-02
   1.4889E+05  5.42E+01  5.36E-02
   1.5261E+05  5.43E+01  5.38E-02
   1.5304E+05  5.40E+01  5.53E-02
   1.5319E+05  5.40E+01  5.40E-02
   1.5555E+05  5.40E+01  5.46E-02
   1.5569E+05  5.41E+01  5.45E-02
   1.5787E+05  5.40E+01  5.41E-02
   1.6146E+05  5.42E+01  5.53E-02
   1.6203E+05  5.42E+01  5.57E-02
   1.6362E+05  5.43E+01  5.53E-02
   1.6452E+05  5.42E+01  5.58E-02
   1.6466E+05  5.42E+01  5.63E-02
   1.6542E+05  5.44E+01  5.67E-02
   1.6671E+05  5.44E+01  5.62E-02
   1.6696E+05  5.44E+01  5.64E-02
   1.6709E+05  5.44E+01  5.67E-02
   1.6736E+05  5.44E+01  5.74E-02
   1.6788E+05  5.44E+01  5.67E-02
   1.6848E+05  5.43E+01  5.65E-02
   1.7024E+05  5.44E+01  5.69E-02
   1.7036E+05  5.44E+01  5.67E-02
   1.7072E+05  5.44E+01  5.75E-02
   1.7142E+05  5.43E+01  5.79E-02
   1.7271E+05  5.44E+01  5.72E-02
   1.7474E+05  5.43E+01  5.93E-02
   1.7496E+05  5.43E+01  5.76E-02
   1.7551E+05  5.42E+01  5.75E-02
   1.7654E+05  5.42E+01  5.90E-02
   1.7722E+05  5.42E+01  5.74E-02
   1.7778E+05  5.43E+01  5.79E-02
   1.7842E+05  5.43E+01  5.84E-02
   1.7996E+05  5.43E+01  5.81E-02
   1.8091E+05  5.43E+01  5.89E-02
   1.8178E+05  5.43E+01  5.84E-02
   1.8260E+05  5.42E+01  5.83E-02
   1.8270E+05  5.42E+01  5.90E-02
   1.8314E+05  5.42E+01  5.87E-02
   1.8454E+05  5.43E+01  5.89E-02
   1.8542E+05  5.42E+01  6.07E-02
   1.8563E+05  5.42E+01  5.88E-02
   1.8622E+05  5.42E+01  5.94E-02
   1.8651E+05  5.43E+01  6.06E-02
   1.8700E+05  5.43E+01  6.02E-02
   1.8749E+05  5.43E+01  5.95E-02
   1.8892E+05  5.43E+01  6.12E-02
   1.9004E+05  5.44E+01  6.25E-02
   1.9048E+05  5.44E+01  6.09E-02
   1.9111E+05  5.44E+01  6.17E-02
   1.9167E+05  5.44E+01  6.24E-02
   1.9192E+05  5.43E+01  6.12E-02
   1.9217E+05  5.44E+01  6.10E-02
   1.9245E+05  5.43E+01  6.17E-02
   1.9300E+05  5.43E+01  6.16E-02
   1.9342E+05  5.44E+01  6.33E-02
   1.9376E+05  5.43E+01  6.13E-02
   1.9488E+05  5.44E+01  6.40E-02
   1.9575E+05  5.44E+01  6.23E-02
   1.9631E+05  5.44E+01  6.41E-02
   1.9663E+05  5.44E+01  6.25E-02
   1.9723E+05  5.44E+01  6.32E-02
   1.9792E+05  5.44E+01  6.28E-02
   1.9905E+05  5.44E+01  6.32E-02
   1.9920E+05  5.44E+01  6.34E-02
   1.9943E+05  5.44E+01  6.54E-02
   2.0105E+05  5.44E+01  6.54E-02
   2.0195E+05  5.44E+01  6.46E-02
   2.0217E+05  5.44E+01  6.57E-02
   2.0292E+05  5.44E+01  6.49E-02
   2.0314E+05  5.44E+01  6.66E-02
   2.0362E+05  5.44E+01  6.52E-02
   2.0383E+05  5.44E+01  6.72E-02
   2.0413E+05  5.44E+01  6.60E-02
   2.0449E+05  5.44E+01  6.61E-02
   2.0523E+05  5.44E+01  6.82E-02
   2.0587E+05  5.44E+01  6.63E-02
   2.0627E+05  5.44E+01  6.66E-02
   2.0679E+05  5.44E+01  6.67E-02
   2.0700E+05  5.44E+01  6.88E-02
   2.0728E+05  5.44E+01  6.87E-02
   2.0804E+05  5.45E+01  6.74E-02
   2.0824E+05  5.45E+01  6.97E-02
   2.0920E+05  5.45E+01  6.87E-02
   2.0938E+05  5.45E+01  6.95E-02
   2.0950E+05  5.45E+01  6.94E-02
   2.1027E+05  5.44E+01  6.85E-02
   2.1040E+05  5.44E+01  6.98E-02
   2.1116E+05  5.44E+01  7.05E-02
   2.1141E+05  5.44E+01  6.92E-02
   2.1189E+05  5.45E+01  7.01E-02
   2.1257E+05  5.44E+01  7.21E-02
   2.1263E+05  5.44E+01  7.23E-02
   2.1269E+05  5.44E+01  7.04E-02
   2.1287E+05  5.44E+01  7.23E-02
   2.1293E+05  5.44E+01  7.11E-02
   2.1334E+05  5.44E+01  7.05E-02
   2.1422E+05  5.44E+01  7.24E-02
   2.1428E+05  5.44E+01  7.10E-02
   2.1457E+05  5.44E+01  7.13E-02
   2.1468E+05  5.44E+01  7.35E-02
   2.1509E+05  5.44E+01  7.25E-02
   2.1590E+05  5.44E+01  7.47E-02
   2.1596E+05  5.44E+01  7.26E-02
   2.1740E+05  5.44E+01  7.52E-02
   2.1808E+05  5.44E+01  7.45E-02
   2.1832E+05  5.44E+01  7.49E-02
   2.1893E+05  5.44E+01  7.74E-02
   2.1912E+05  5.44E+01  7.76E-02
   2.1939E+05  5.44E+01  7.67E-02
   2.1956E+05  5.44E+01  7.64E-02
   2.1999E+05  5.44E+01  7.76E-02
   2.2004E+05  5.44E+01  7.79E-02
   2.2018E+05  5.44E+01  7.75E-02
   2.2033E+05  5.44E+01  7.64E-02
   2.2086E+05  5.44E+01  7.95E-02
   2.2107E+05  5.44E+01  7.87E-02
   2.2134E+05  5.44E+01  7.79E-02
   2.2148E+05  5.44E+01  7.98E-02
   2.2153E+05  5.44E+01  7.84E-02
   2.2181E+05  5.44E+01  7.96E-02
   2.2228E+05  5.44E+01  7.92E-02
   2.2252E+05  5.44E+01  7.95E-02
   2.2256E+05  5.44E+01  7.95E-02
   2.2268E+05  5.44E+01  8.01E-02
   2.2291E+05  5.44E+01  8.00E-02
   2.2295E+05  5.44E+01  8.17E-02
   2.2300E+05  5.44E+01  8.10E-02
   2.2331E+05  5.44E+01  8.23E-02
   2.2360E+05  5.44E+01  8.18E-02
   2.2371E+05  5.44E+01  8.10E-02
   2.2375E+05  5.44E+01  8.17E-02
   2.2508E+05  5.44E+01  8.54E-02
   2.2525E+05  5.44E+01  8.41E-02
   2.2558E+05  5.44E+01  8.52E-02
   2.2609E+05  5.44E+01  8.72E-02
   2.2617E+05  5.44E+01  8.65E-02
   2.2647E+05  5.44E+01  8.84E-02
   2.2654E+05  5.44E+01  8.63E-02
   2.2674E+05  5.44E+01  8.77E-02
   2.2734E+05  5.44E+01  8.84E-02
   2.2748E+05  5.44E+01  9.05E-02
   2.2752E+05  5.44E+01  8.90E-02
   2.2780E+05  5.44E+01  8.98E-02
   2.2790E+05  5.44E+01  8.97E-02
   2.2813E+05  5.44E+01  9.01E-02
   2.2828E+05  5.44E+01  9.05E-02
   2.2904E+05  5.44E+01  9.49E-02
   2.2910E+05  5.44E+01  9.37E-02
   2.2913E+05  5.44E+01  9.54E-02
   2.2929E+05  5.44E+01  9.38E-02
   2.2935E+05  5.44E+01  9.49E-02
   2.2941E+05  5.44E+01  9.66E-02
   2.2970E+05  5.44E+01  9.50E-02
   2.2984E+05  5.44E+01  9.63E-02
   2.2990E+05  5.44E+01  9.68E-02
   2.3014E+05  5.44E+01  9.66E-02
   2.3017E+05  5.44E+01  9.83E-02
   2.3026E+05  5.44E+01  9.99E-02
   2.3032E+05  5.44E+01  9.84E-02
   2.3059E+05  5.44E+01  1.01E-01
   2.3064E+05  5.44E+01  1.00E-01
   2.3073E+05  5.44E+01  9.99E-02
   2.3078E+05  5.44E+01  9.94E-02
   2.3105E+05  5.44E+01  1.03E-01
   2.3112E+05  5.44E+01  1.01E-01
   2.3120E+05  5.44E+01  1.02E-01
   2.3127E+05  5.44E+01  1.02E-01
   2.3159E+05  5.44E+01  1.07E-01
   2.3162E+05  5.44E+01  1.04E-01
   2.3167E+05  5.44E+01  1.05E-01
   2.3186E+05  5.44E+01  1.08E-01
   2.3197E+05  5.44E+01  1.06E-01
   2.3210E+05  5.44E+01  1.08E-01
   2.3212E+05  5.44E+01  1.09E-01
   2.3215E+05  5.44E+01  1.07E-01
   2.3253E+05  5.44E+01  1.11E-01
   2.3262E+05  5.44E+01  1.14E-01
   2.3271E+05  5.44E+01  1.12E-01
   2.3273E+05  5.44E+01  1.15E-01
   2.3282E+05  5.44E+01  1.13E-01
   2.3307E+05  5.44E+01  1.15E-01
   2.3319E+05  5.44E+01  1.17E-01
   2.3321E+05  5.44E+01  1.17E-01
   2.3330E+05  5.44E+01  1.20E-01
   2.3341E+05  5.44E+01  1.19E-01
   2.3343E+05  5.44E+01  1.21E-01
   2.3356E+05  5.44E+01  1.21E-01
   2.3358E+05  5.44E+01  1.24E-01
   2.3372E+05  5.44E+01  1.23E-01
   2.3380E+05  5.44E+01  1.24E-01
   2.3394E+05  5.44E+01  1.28E-01
   2.3399E+05  5.44E+01  1.30E-01
   2.3413E+05  5.44E+01  1.29E-01
   2.3418E+05  5.44E+01  1.31E-01
   2.3427E+05  5.44E+01  1.34E-01
   2.3430E+05  5.44E+01  1.33E-01
   2.3443E+05  5.44E+01  1.38E-01
   2.3459E+05  5.44E+01  1.42E-01
   2.3461E+05  5.44E+01  1.40E-01
   2.3478E+05  5.44E+01  1.45E-01
   2.3482E+05  5.44E+01  1.46E-01
   2.3484E+05  5.44E+01  1.50E-01
   2.3501E+05  5.44E+01  1.53E-01
   2.3511E+05  5.44E+01  1.61E-01
   2.3513E+05  5.44E+01  1.59E-01
   2.3515E+05  5.44E+01  1.63E-01
   2.3517E+05  5.44E+01  1.61E-01
   2.3519E+05  5.44E+01  1.64E-01
   2.3525E+05  5.44E+01  1.68E-01
   2.3526E+05  5.44E+01  1.67E-01
   2.3529E+05  5.44E+01  1.71E-01
   2.3531E+05  5.44E+01  1.69E-01
   2.3535E+05  5.44E+01  1.72E-01
   2.3536E+05  5.44E+01  1.76E-01
   2.3546E+05  5.44E+01  1.84E-01
   2.3547E+05  5.44E+01  1.85E-01
   2.3549E+05  5.44E+01  1.87E-01
   2.3551E+05  5.44E+01  1.87E-01
   2.3562E+05  5.44E+01  2.05E-01
   2.3563E+05  5.44E+01  2.03E-01
   2.3564E+05  5.44E+01  2.06E-01
   2.3567E+05  5.44E+01  2.13E-01
   2.3573E+05  5.44E+01  2.28E-01
   2.3573E+05  5.44E+01  2.32E-01
   2.3581E+05  5.44E+01  2.60E-01
   2.3584E+05  5.44E+01  2.83E-01
   2.3586E+05  5.44E+01  3.08E-01
   2.3588E+05  5.44E+01  3.37E-01
   2.3589E+05  5.44E+01  3.52E-01
   2.3590E+05  5.44E+01  3.77E-01
   2.3590E+05  5.44E+01  3.87E-01
   2.3591E+05  5.44E+01  4.49E-01
