   4.7328E+03    359.991      0.044   9.857609E+00
   7.3700E+03      0.003      0.045   9.773191E+00
   8.6789E+03      0.004      0.045   9.729338E+00
   9.3453E+03    359.982      0.045   9.702525E+00
   1.0643E+04    359.966      0.046   9.662630E+00
   1.9507E+04    356.521      0.052   9.267606E+00
   2.7187E+04    346.402      0.052   8.864934E+00
   2.8460E+04    356.299      0.050   7.327044E+00
   3.0563E+04    356.526      0.050   8.697481E+00
   3.1747E+04    356.812      0.052   8.479212E+00
   3.2160E+04    356.483      0.051   8.457942E+00
   4.0414E+04    356.460      0.051   5.979740E+00
   4.0797E+04    356.711      0.052   5.881194E+00
   4.2303E+04    356.264      0.050   8.127582E+00
   4.7089E+04    357.812      0.051   6.156758E+00
   4.8911E+04    356.552      0.050   7.801452E+00
   5.4527E+04    356.534      0.054   5.329436E+00
   5.6600E+04    357.058      0.052   7.424318E+00
   5.8957E+04    355.872      0.050   7.314718E+00
   6.4551E+04    357.355      0.049   7.085699E+00
   7.1161E+04    357.010      0.054   6.601290E+00
   7.9767E+04    356.617      0.050   5.424953E+00
   8.0683E+04    357.830      0.051   5.150441E+00
   8.4090E+04    355.462      0.050   6.257829E+00
   8.5483E+04    357.003      0.053   4.792121E+00
   8.7964E+04    357.581      0.051   6.098714E+00
   8.9830E+04    354.863      0.051   5.630274E+00
   9.0116E+04    355.943      0.052   4.651878E+00
   9.0687E+04    357.907      0.052   5.299931E+00
   9.1478E+04    357.656      0.051   5.980904E+00
   9.1757E+04    357.915      0.051   5.961856E+00
   9.4635E+04    356.377      0.052   5.232421E+00
   9.6190E+04    358.046      0.051   5.798197E+00
   9.7452E+04    357.313      0.051   5.742109E+00
   1.0045E+05    358.046      0.051   5.632386E+00
   1.0236E+05    358.002      0.052   5.493433E+00
   1.0503E+05    354.472      0.053   5.414194E+00
   1.0598E+05    354.559      0.052   5.415584E+00
   1.0903E+05    357.665      0.053   4.891226E+00
   1.1193E+05    358.109      0.052   5.187053E+00
   1.1281E+05    358.035      0.054   4.257050E+00
   1.1305E+05    358.139      0.052   5.130632E+00
   1.1389E+05    358.208      0.053   4.924720E+00
   1.1436E+05    354.606      0.053   4.765191E+00
   1.1545E+05    358.098      0.053   5.045493E+00
   1.1673E+05    354.932      0.052   4.983252E+00
   1.2316E+05    357.641      0.055   3.982661E+00
   1.2475E+05    356.277      0.054   4.404514E+00
   1.2753E+05    358.346      0.054   4.354634E+00
   1.2770E+05    357.676      0.053   4.589889E+00
   1.2963E+05    357.870      0.053   4.524532E+00
   1.3318E+05    357.719      0.053   4.314842E+00
   1.3624E+05    357.447      0.053   4.261553E+00
   1.3678E+05    358.391      0.053   4.266887E+00
   1.3715E+05    354.045      0.053   4.224566E+00
   1.3733E+05    358.240      0.053   4.079794E+00
   1.3905E+05    353.234      0.053   4.195996E+00
   1.4060E+05    357.974      0.053   4.152949E+00
   1.4096E+05    354.514      0.053   3.945275E+00
   1.4496E+05    357.888      0.054   3.664381E+00
   1.4889E+05    352.611      0.054   3.871308E+00
   1.5261E+05    358.240      0.054   3.763472E+00
   1.5304E+05    357.580      0.055   3.314798E+00
   1.5319E+05    357.987      0.054   3.716876E+00
   1.5555E+05    355.443      0.055   3.640960E+00
   1.5569E+05    358.167      0.055   3.623120E+00
   1.5787E+05    358.110      0.054   3.599226E+00
   1.6146E+05    351.520      0.055   3.463927E+00
   1.6203E+05    355.988      0.056   3.394142E+00
   1.6362E+05    358.054      0.055   3.412895E+00
   1.6452E+05    358.205      0.056   3.360254E+00
   1.6466E+05    352.782      0.056   3.276204E+00
   1.6542E+05    357.710      0.057   3.245390E+00
   1.6671E+05    358.175      0.056   3.306269E+00
   1.6696E+05    356.897      0.056   3.301919E+00
   1.6709E+05    358.335      0.057   3.272622E+00
   1.6736E+05    354.441      0.057   3.126868E+00
   1.6788E+05    358.113      0.057   3.253927E+00
   1.6848E+05    356.245      0.057   3.224542E+00
   1.7024E+05    354.063      0.057   3.182602E+00
   1.7036E+05    358.318      0.057   3.188133E+00
   1.7072E+05    357.835      0.058   3.084169E+00
   1.7142E+05    351.835      0.058   2.936375E+00
   1.7271E+05    358.146      0.057   3.106048E+00
   1.7474E+05    357.645      0.059   2.640953E+00
   1.7496E+05    357.753      0.058   3.013369E+00
   1.7551E+05    356.338      0.057   2.984323E+00
   1.7654E+05    358.143      0.059   2.629663E+00
   1.7722E+05    358.393      0.057   2.961300E+00
   1.7778E+05    354.614      0.058   2.917908E+00
   1.7842E+05    349.943      0.058   2.860841E+00
   1.7996E+05    358.306      0.058   2.872316E+00
   1.8091E+05    358.260      0.059   2.735368E+00
   1.8178E+05    355.107      0.058   2.793846E+00
   1.8260E+05    358.391      0.058   2.778480E+00
   1.8270E+05    355.885      0.059   2.691778E+00
   1.8314E+05    355.720      0.059   2.739854E+00
   1.8454E+05    357.767      0.059   2.722557E+00
   1.8542E+05    357.788      0.061   2.390983E+00
   1.8563E+05    357.478      0.059   2.686956E+00
   1.8622E+05    357.137      0.059   2.640924E+00
   1.8651E+05    356.638      0.061   2.465502E+00
   1.8700E+05    353.931      0.060   2.550929E+00
   1.8749E+05    358.102      0.060   2.617346E+00
   1.8892E+05    358.150      0.061   2.432933E+00
   1.9004E+05    357.420      0.063   2.258594E+00
   1.9048E+05    358.012      0.061   2.506758E+00
   1.9111E+05    357.392      0.062   2.422576E+00
   1.9167E+05    353.811      0.062   2.324680E+00
   1.9192E+05    354.432      0.061   2.468869E+00
   1.9217E+05    355.732      0.061   2.468302E+00
   1.9245E+05    353.032      0.062   2.402679E+00
   1.9300E+05    352.294      0.062   2.415990E+00
   1.9342E+05    357.246      0.063   2.172328E+00
   1.9376E+05    355.047      0.061   2.419998E+00
   1.9488E+05    357.125      0.064   2.126589E+00
   1.9575E+05    358.118      0.062   2.346361E+00
   1.9631E+05    355.143      0.064   2.158641E+00
   1.9663E+05    357.357      0.063   2.321339E+00
   1.9723E+05    352.541      0.063   2.276061E+00
   1.9792E+05    350.471      0.063   2.277110E+00
   1.9905E+05    356.912      0.063   2.239099E+00
   1.9920E+05    351.415      0.063   2.230456E+00
   1.9943E+05    349.867      0.065   2.028425E+00
   2.0105E+05    353.702      0.065   2.071695E+00
   2.0195E+05    358.205      0.065   2.134857E+00
   2.0217E+05    358.241      0.066   2.050216E+00
   2.0292E+05    358.251      0.065   2.102650E+00
   2.0314E+05    357.670      0.067   1.968991E+00
   2.0362E+05    356.598      0.065   2.078549E+00
   2.0383E+05    357.948      0.067   1.914213E+00
   2.0413E+05    348.843      0.066   2.031243E+00
   2.0449E+05    349.882      0.066   2.024030E+00
   2.0523E+05    355.509      0.068   1.827783E+00
   2.0587E+05    353.872      0.066   1.993323E+00
   2.0627E+05    356.474      0.067   1.977612E+00
   2.0679E+05    357.801      0.067   1.963955E+00
   2.0700E+05    358.269      0.069   1.800950E+00
   2.0728E+05    357.888      0.069   1.814484E+00
   2.0804E+05    349.479      0.067   1.918517E+00
   2.0824E+05    356.585      0.070   1.741313E+00
   2.0920E+05    358.390      0.069   1.845788E+00
   2.0938E+05    357.938      0.070   1.776964E+00
   2.0950E+05    358.075      0.069   1.788340E+00
   2.1027E+05    357.805      0.068   1.837434E+00
   2.1040E+05    358.167      0.070   1.767093E+00
   2.1116E+05    357.359      0.071   1.722854E+00
   2.1141E+05    358.117      0.069   1.795079E+00
   2.1189E+05    349.885      0.070   1.752126E+00
   2.1257E+05    349.347      0.072   1.609151E+00
   2.1263E+05    358.297      0.072   1.599470E+00
   2.1269E+05    350.889      0.070   1.733765E+00
   2.1287E+05    357.317      0.072   1.602242E+00
   2.1293E+05    357.134      0.071   1.696423E+00
   2.1334E+05    353.520      0.070   1.720477E+00
   2.1422E+05    356.777      0.072   1.621696E+00
   2.1428E+05    356.718      0.071   1.687389E+00
   2.1457E+05    357.982      0.071   1.675243E+00
   2.1468E+05    358.475      0.073   1.550378E+00
   2.1509E+05    352.064      0.073   1.620576E+00
   2.1590E+05    356.885      0.075   1.486707E+00
   2.1596E+05    356.970      0.073   1.614499E+00
   2.1740E+05    354.364      0.075   1.492442E+00
   2.1808E+05    357.879      0.074   1.530187E+00
   2.1832E+05    352.717      0.075   1.512427E+00
   2.1893E+05    351.008      0.077   1.388504E+00
   2.1912E+05    355.389      0.078   1.378557E+00
   2.1939E+05    357.159      0.077   1.438686E+00
   2.1956E+05    358.078      0.076   1.453590E+00
   2.1999E+05    355.531      0.078   1.402594E+00
   2.2004E+05    357.510      0.078   1.389820E+00
   2.2018E+05    352.956      0.078   1.410574E+00
   2.2033E+05    358.257      0.076   1.449072E+00
   2.2086E+05    357.317      0.079   1.322486E+00
   2.2107E+05    356.686      0.079   1.370215E+00
   2.2134E+05    356.513      0.078   1.398495E+00
   2.2148E+05    357.746      0.080   1.321876E+00
   2.2153E+05    347.808      0.078   1.384331E+00
   2.2181E+05    356.313      0.080   1.339424E+00
   2.2228E+05    353.994      0.079   1.358002E+00
   2.2252E+05    356.283      0.080   1.347762E+00
   2.2256E+05    356.441      0.079   1.348511E+00
   2.2268E+05    355.936      0.080   1.331203E+00
   2.2291E+05    357.938      0.080   1.332098E+00
   2.2295E+05    353.554      0.082   1.267443E+00
   2.2300E+05    356.643      0.081   1.299156E+00
   2.2331E+05    355.923      0.082   1.251301E+00
   2.2360E+05    357.356      0.082   1.280222E+00
   2.2371E+05    347.570      0.081   1.301431E+00
   2.2375E+05    357.732      0.082   1.282103E+00
   2.2508E+05    354.771      0.085   1.171281E+00
   2.2525E+05    355.948      0.084   1.221125E+00
   2.2558E+05    355.014      0.085   1.191418E+00
   2.2609E+05    354.737      0.087   1.136283E+00
   2.2617E+05    347.025      0.086   1.163168E+00
   2.2647E+05    345.663      0.088   1.104701E+00
   2.2654E+05    350.395      0.086   1.168553E+00
   2.2674E+05    356.792      0.088   1.137394E+00
   2.2734E+05    356.294      0.088   1.125334E+00
   2.2748E+05    357.285      0.091   1.067946E+00
   2.2752E+05    347.784      0.089   1.112841E+00
   2.2780E+05    354.647      0.090   1.097831E+00
   2.2790E+05    349.127      0.090   1.099670E+00
   2.2813E+05    357.442      0.090   1.090935E+00
   2.2828E+05    355.691      0.090   1.084660E+00
   2.2904E+05    357.286      0.095   9.957896E-01
   2.2910E+05    345.067      0.094   1.027610E+00
   2.2913E+05    356.913      0.095   9.874950E-01
   2.2929E+05    348.932      0.094   1.026999E+00
   2.2935E+05    357.618      0.095   1.007044E+00
   2.2941E+05    354.426      0.097   9.645445E-01
   2.2970E+05    350.560      0.095   1.007194E+00
   2.2984E+05    358.026      0.096   9.866304E-01
   2.2990E+05    356.039      0.097   9.781820E-01
   2.3014E+05    357.137      0.097   9.840714E-01
   2.3017E+05    354.729      0.098   9.543126E-01
   2.3026E+05    357.686      0.100   9.209811E-01
   2.3032E+05    345.171      0.098   9.574189E-01
   2.3059E+05    356.734      0.101   9.118413E-01
   2.3064E+05    350.227      0.100   9.348494E-01
   2.3073E+05    356.262      0.100   9.380986E-01
   2.3078E+05    355.193      0.099   9.451717E-01
   2.3105E+05    350.599      0.103   8.840153E-01
   2.3112E+05    354.594      0.101   9.243449E-01
   2.3120E+05    344.247      0.102   9.179303E-01
   2.3127E+05    349.570      0.102   9.143372E-01
   2.3159E+05    355.575      0.107   8.449664E-01
   2.3162E+05    356.438      0.104   8.908711E-01
   2.3167E+05    350.078      0.105   8.694467E-01
   2.3186E+05    357.616      0.108   8.363085E-01
   2.3197E+05    342.602      0.106   8.610780E-01
   2.3210E+05    347.647      0.108   8.445277E-01
   2.3212E+05    345.804      0.109   8.293357E-01
   2.3215E+05    354.435      0.107   8.541037E-01
   2.3253E+05    342.110      0.111   8.114208E-01
   2.3262E+05    344.794      0.114   7.793514E-01
   2.3271E+05    356.308      0.112   8.092385E-01
   2.3273E+05    348.051      0.115   7.691559E-01
   2.3282E+05    356.558      0.113   8.008254E-01
   2.3307E+05    356.112      0.115   7.811227E-01
   2.3319E+05    341.324      0.117   7.587048E-01
   2.3321E+05    348.243      0.117   7.597058E-01
   2.3330E+05    348.905      0.120   7.272775E-01
   2.3341E+05    355.613      0.119   7.508556E-01
   2.3343E+05    356.786      0.121   7.208534E-01
   2.3356E+05    351.540      0.121   7.295046E-01
   2.3358E+05    353.133      0.124   7.024802E-01
   2.3372E+05    352.787      0.123   7.216397E-01
   2.3380E+05    355.963      0.124   7.094597E-01
   2.3394E+05    351.458      0.128   6.791445E-01
   2.3399E+05    351.994      0.130   6.658791E-01
   2.3413E+05    355.722      0.129   6.760564E-01
   2.3418E+05    356.701      0.131   6.625889E-01
   2.3427E+05    355.532      0.134   6.443615E-01
   2.3430E+05    355.556      0.133   6.508972E-01
   2.3443E+05    355.299      0.138   6.167656E-01
   2.3459E+05    352.124      0.142   5.980727E-01
   2.3461E+05    342.261      0.140   6.180277E-01
   2.3478E+05    353.199      0.145   5.922706E-01
   2.3482E+05    353.515      0.146   5.866981E-01
   2.3484E+05    352.863      0.150   5.643757E-01
   2.3501E+05    345.736      0.153   5.581903E-01
   2.3511E+05    352.427      0.161   5.225603E-01
   2.3513E+05    353.706      0.159   5.351924E-01
   2.3515E+05    352.174      0.163   5.154866E-01
   2.3517E+05    358.275      0.161   5.287903E-01
   2.3519E+05    356.003      0.164   5.149208E-01
   2.3525E+05    342.674      0.168   5.010137E-01
   2.3526E+05    353.875      0.167   5.071884E-01
   2.3529E+05    348.690      0.171   4.896657E-01
   2.3531E+05    357.109      0.169   5.026428E-01
   2.3535E+05    358.045      0.172   4.945335E-01
   2.3536E+05    340.001      0.176   4.772375E-01
   2.3546E+05    351.298      0.184   4.551523E-01
   2.3547E+05    355.956      0.185   4.546024E-01
   2.3549E+05    349.852      0.187   4.477610E-01
   2.3551E+05    338.870      0.187   4.509103E-01
   2.3562E+05    356.627      0.205   4.071783E-01
   2.3563E+05    351.377      0.203   4.136908E-01
   2.3564E+05    347.767      0.206   4.066276E-01
   2.3567E+05    356.554      0.213   3.931625E-01
   2.3573E+05    353.543      0.228   3.652176E-01
   2.3573E+05    346.260      0.232   3.568606E-01
   2.3581E+05    353.568      0.260   3.206907E-01
   2.3584E+05    343.927      0.283   2.920413E-01
   2.3586E+05    332.813      0.308   2.684788E-01
   2.3588E+05    328.359      0.337   2.467909E-01
   2.3589E+05     77.309      0.352   2.344426E-01
   2.3590E+05    355.947      0.377   2.190412E-01
   2.3590E+05    347.308      0.387   2.150261E-01
   2.3591E+05    359.223      0.449   1.852450E-01
