       0.0000   1.00000       3.00000       0.00000      -2.00000      -1.00000       0.00000       1.00000      -1.00000       0.00000    
       0.1064  0.999456       2.99751       0.00000      -1.99645     -0.999456       0.00000      0.997483     -0.998938       0.00000    
       0.2477  0.997046       2.98646       0.00000      -1.98068     -0.997046       0.00000      0.986317     -0.994240       0.00000    
       0.5256  0.986562       2.93867       0.00000      -1.91193     -0.986561       0.00000      0.937606     -0.973953       0.00000    
       1.0423  0.944934       2.75297       0.00000      -1.63516     -0.944791       0.00000      0.741170     -0.895950       0.00000    
       1.3622  0.901755       2.56760       0.00000      -1.33741     -0.900720       0.00000      0.528876     -0.819982       0.00000    
       1.6208  0.853869       2.37119       0.00000     -0.979903     -0.848991       0.00000      0.271601     -0.743519       0.00000    
       1.7906  0.814080       2.21565       0.00000     -0.624048     -0.797574       0.00000      1.078998E-02 -0.691331       0.00000    
       1.8713  0.792247       2.13329       0.00000     -0.326454     -0.744670       0.00000     -0.214185     -0.684240       0.00000    
       1.9885  0.756580       2.00300       0.00000     -0.647090     -0.564238       0.00000      6.372370E-02 -0.750409       0.00000    
       2.2443  0.660286       1.66784       0.00000      -1.06008     -0.415116       0.00000      0.451893     -0.668614       0.00000    
       2.6952  0.426119      0.832765       0.00000      -1.40715     -0.158233       0.00000      0.870047     -0.373072       0.00000    
       2.8961  0.336453      0.273265       0.00000      -1.45578     -3.048442E-02   0.00000      0.962749     -0.139572       0.00000    
       3.0051  0.376206     -0.103499       0.00000      -1.45328      4.110012E-02   0.00000      0.936900      2.921933E-02   0.00000    
       3.1454  0.616540     -0.512298       0.00000      -1.41955      0.131904       0.00000      0.765719      0.201855       0.00000    
       3.3124  0.953987     -0.781369       0.00000      -1.33568      0.235952       0.00000      0.496149      0.280060       0.00000    
       3.4966   1.26599     -0.950998       0.00000      -1.17839      0.345258       0.00000      0.183123      0.294392       0.00000    
       3.6307   1.45666      -1.03563       0.00000     -0.999024      0.418427       0.00000     -7.477399E-02  0.286637       0.00000    
       3.7331   1.58564      -1.08694       0.00000     -0.786112      0.460044       0.00000     -0.322493      0.284131       0.00000    
       3.7870   1.64855      -1.11043       0.00000     -0.592866      0.443575       0.00000     -0.514840      0.311396       0.00000    
       3.8760   1.74560      -1.14466       0.00000     -0.756454      0.139992       0.00000     -0.442199      0.574800       0.00000    
       4.0518   1.91589      -1.19805       0.00000      -1.15722     -1.837808E-02   0.00000     -0.223756      0.733533       0.00000    
       4.1827   2.02649      -1.22688       0.00000      -1.38558     -8.105319E-02   0.00000     -0.107428      0.800972       0.00000    
       4.3857   2.17418      -1.25493       0.00000      -1.67632     -0.142112       0.00000      3.654810E-02  0.866647       0.00000    
       4.8756   2.42672      -1.24639       0.00000      -2.18197     -0.201964       0.00000      0.289543      0.909408       0.00000    
       5.7268   2.53872     -0.983326       0.00000      -2.64370     -0.171410       0.00000      0.591725      0.727124       0.00000    
       6.3147   2.31524     -0.583647       0.00000      -2.72734     -0.101488       0.00000      0.792733      0.431379       0.00000    
       6.6760   1.93788     -0.196855       0.00000      -2.69137     -4.915510E-02   0.00000      0.990367      0.157437       0.00000    
       6.7684   1.76679     -6.807354E-02   0.00000      -2.67156     -3.527266E-02   0.00000       1.07717      6.906225E-02   0.00000    
       6.8442   1.55722      4.824856E-02   0.00000      -2.65207     -2.382246E-02   0.00000       1.18732     -9.891166E-03   0.00000    
       6.9019   1.25521      3.491147E-02   0.00000      -2.63528     -1.509113E-02   0.00000       1.35510     -8.873977E-03   0.00000    
       6.9677   1.23961     -0.273708       0.00000      -2.61403     -5.113848E-03   0.00000       1.34746      0.168316       0.00000    
       7.0957   1.35412     -0.588630       0.00000      -2.56629      1.427604E-02   0.00000       1.24057      0.341757       0.00000    
       7.3462   1.54079     -0.948739       0.00000      -2.44738      5.234400E-02   0.00000       1.03343      0.527368       0.00000    
       7.7063   1.71256      -1.24343       0.00000      -2.21187      0.108713       0.00000      0.741965      0.659090       0.00000    
       8.2899   1.79408      -1.43770       0.00000      -1.61252      0.217784       0.00000      0.213565      0.688390       0.00000    
       8.5953   1.74464      -1.43929       0.00000      -1.09772      0.308799       0.00000     -0.168610      0.616534       0.00000    
       8.6799   1.71907      -1.42887       0.00000     -0.889478      0.351892       0.00000     -0.319862      0.575806       0.00000    
       8.7416   1.69697      -1.41831       0.00000     -0.674169      0.408564       0.00000     -0.478848      0.524133       0.00000    
       8.7923   1.67654      -1.40773       0.00000     -0.743759      0.498196       0.00000     -0.410919      0.446081       0.00000    
       8.8941   1.62922      -1.38108       0.00000      -1.02050      0.474178       0.00000     -0.161131      0.449304       0.00000    
       9.1494   1.47101      -1.27676       0.00000      -1.42898      0.396774       0.00000      0.260577      0.448637       0.00000    
       9.5457   1.09929     -0.950977       0.00000      -1.80323      0.265085       0.00000      0.783012      0.358518       0.00000    
       9.6887  0.926330     -0.741775       0.00000      -1.89367      0.214258       0.00000      0.959142      0.273658       0.00000    
       9.8131  0.774631     -0.475644       0.00000      -1.95673      0.168446       0.00000       1.10060      0.150630       0.00000    
       9.9177  0.704319     -0.150325       0.00000      -1.99884      0.128871       0.00000       1.17648     -1.290181E-02   0.00000    
      10.0516  0.884396      0.288294       0.00000      -2.03853      7.723964E-02   0.00000       1.10018     -0.234768       0.00000    
      10.2235   1.28453      0.554667       0.00000      -2.06717      1.026091E-02   0.00000      0.883018     -0.341009       0.00000    
      10.4936   1.79089      0.691710       0.00000      -2.06263     -9.654640E-02   0.00000      0.575573     -0.337789       0.00000    
      11.0031   2.42462      0.705319       0.00000      -1.86018     -0.300369       0.00000      3.337165E-02 -0.182896       0.00000    
      11.2722   2.65138      0.668240       0.00000      -1.60120     -0.396634       0.00000     -0.309873     -8.363714E-02   0.00000    
      11.4741   2.78642      0.631140       0.00000      -1.26459     -0.429653       0.00000     -0.660186     -3.496183E-02   0.00000    
      11.5517   2.83134      0.615347       0.00000      -1.06054     -0.394714       0.00000     -0.850373     -5.343672E-02   0.00000    
      11.6102   2.86288      0.602923       0.00000     -0.869590     -0.237479       0.00000      -1.02206     -0.171770       0.00000    
      11.7429   2.92712      0.573235       0.00000      -1.11220      0.171152       0.00000     -0.866514     -0.480863       0.00000    
      11.9700   3.01461      0.517918       0.00000      -1.51835      0.388310       0.00000     -0.594085     -0.621399       0.00000    
      12.5321   3.11383      0.355901       0.00000      -2.14336      0.544652       0.00000     -0.153610     -0.649262       0.00000    
      13.4707   2.86369      1.043284E-03   0.00000      -2.55702      0.468889       0.00000      0.327402     -0.375737       0.00000    
      13.9236   2.48199     -0.202308       0.00000      -2.54769      0.368248       0.00000      0.548954     -0.173213       0.00000    
      14.2382   2.03865     -0.337797       0.00000      -2.46675      0.285417       0.00000      0.750208     -2.565540E-02   0.00000    
      14.4638   1.53795     -0.384784       0.00000      -2.37093      0.221780       0.00000      0.973975      5.344682E-02   0.00000    
      14.5444   1.27779     -0.343123       0.00000      -2.32892      0.198379       0.00000       1.09646      4.717086E-02   0.00000    
      14.5985   1.07070     -0.225446       0.00000      -2.29835      0.182471       0.00000       1.19626     -1.070954E-02   0.00000    
      14.6510  0.985027      1.899559E-02   0.00000      -2.26686      0.166909       0.00000       1.22247     -0.144925       0.00000    
      14.7247   1.06959      0.272321       0.00000      -2.21941      0.144817       0.00000       1.13377     -0.279246       0.00000    
      14.8594   1.25796      0.527099       0.00000      -2.12251      0.103769       0.00000      0.943239     -0.399275       0.00000    
      15.1147   1.52342      0.776317       0.00000      -1.89928      2.312517E-02   0.00000      0.605371     -0.484290       0.00000    
      15.4458   1.72042      0.925480       0.00000      -1.50641     -9.275960E-02   0.00000      0.172876     -0.481081       0.00000    
      15.7235   1.78356      0.971374       0.00000      -1.00005     -0.219703       0.00000     -0.270097     -0.407062       0.00000    
      15.7879   1.78610      0.974546       0.00000     -0.814937     -0.264296       0.00000     -0.419713     -0.373290       0.00000    
      15.8552   1.78401      0.975212       0.00000     -0.755791     -0.303375       0.00000     -0.465774     -0.342427       0.00000    
      15.9739   1.76838      0.969702       0.00000      -1.09226     -0.238508       0.00000     -0.187221     -0.391015       0.00000    
      16.2769   1.65604      0.909175       0.00000      -1.59242     -0.122241       0.00000      0.280312     -0.447712       0.00000    
      16.5409   1.46174      0.776505       0.00000      -1.88926     -3.570379E-02   0.00000      0.634363     -0.437340       0.00000    
      16.7498   1.22838      0.570603       0.00000      -2.07207      2.932509E-02   0.00000      0.920630     -0.365822       0.00000    
      16.8566   1.07780      0.389069       0.00000      -2.15147      6.202434E-02   0.00000       1.07450     -0.283061       0.00000    
      16.9402  0.962329      0.156539       0.00000      -2.20759      8.744809E-02   0.00000       1.18867     -0.163882       0.00000    
      16.9980  0.962978     -9.361755E-02   0.00000      -2.24335      0.104900       0.00000       1.21690     -2.774912E-02   0.00000    
      17.0538   1.12821     -0.289741       0.00000      -2.27572      0.121683       0.00000       1.14365      7.649863E-02   0.00000    
      17.1556   1.45799     -0.404207       0.00000      -2.32922      0.151953       0.00000      0.988583      0.120962       0.00000    
      17.3438   1.90111     -0.414691       0.00000      -2.41030      0.206982       0.00000      0.787569      8.322906E-02   0.00000    
      17.5905   2.30495     -0.344606       0.00000      -2.48200      0.276790       0.00000      0.602630     -1.466840E-02   0.00000    
      18.1764   2.87244     -0.113386       0.00000      -2.49274      0.422522       0.00000      0.270729     -0.269986       0.00000    
      18.8813   3.14891      0.157455       0.00000      -2.17744      0.516104       0.00000     -0.147394     -0.507356       0.00000    
      19.3623   3.16515      0.321248       0.00000      -1.68712      0.452999       0.00000     -0.549389     -0.555148       0.00000    
      19.6042   3.12839      0.397031       0.00000      -1.29835      0.304623       0.00000     -0.838349     -0.481917       0.00000    
      19.7217   3.09996      0.432371       0.00000      -1.04921      0.131582       0.00000      -1.02061     -0.364688       0.00000    
      19.7960   3.07839      0.454184       0.00000     -0.908774     -0.120794       0.00000      -1.12002     -0.175875       0.00000    
      19.8534   3.05973      0.470790       0.00000      -1.02630     -0.344714       0.00000      -1.01480     -6.703104E-03   0.00000    
      19.9498   3.02456      0.498046       0.00000      -1.28267     -0.452727       0.00000     -0.788604      6.335447E-02   0.00000    
      20.1937   2.91266      0.563380       0.00000      -1.69487     -0.470020       0.00000     -0.391700      3.798773E-02   0.00000    
      20.7041   2.55108      0.674343       0.00000      -2.11206     -0.330226       0.00000      0.159000     -0.140425       0.00000    
      21.2178   1.93778      0.697990       0.00000      -2.22722     -0.150364       0.00000      0.619111     -0.298502       0.00000    
      21.5241   1.37277      0.570473       0.00000      -2.19358     -4.148002E-02   0.00000      0.931199     -0.309100       0.00000    
      21.6780   1.00792      0.357313       0.00000      -2.15051      1.308649E-02   0.00000       1.11566     -0.224857       0.00000    
      21.7812  0.803977      4.981521E-02   0.00000      -2.11156      4.964993E-02   0.00000       1.20686     -6.960907E-02   0.00000    
      21.8949  0.836306     -0.348365       0.00000      -2.05874      8.968480E-02   0.00000       1.14520      0.137271       0.00000    
      22.0177   1.00771     -0.621797       0.00000      -1.98958      0.132290       0.00000      0.987038      0.267246       0.00000    
      22.2183   1.27543     -0.872009       0.00000      -1.84791      0.200277       0.00000      0.713068      0.362984       0.00000    
      22.5835   1.62000      -1.07779       0.00000      -1.47323      0.320118       0.00000      0.206585      0.390579       0.00000    
      22.7542   1.72564      -1.11861       0.00000      -1.21435      0.374463       0.00000     -6.390702E-02  0.371597       0.00000    
      22.8698   1.77987      -1.13329       0.00000     -0.972260      0.408734       0.00000     -0.290111      0.352985       0.00000    
      22.9396   1.80622      -1.13787       0.00000     -0.753569      0.421299       0.00000     -0.480879      0.345684       0.00000    
      23.0245   1.83206      -1.13952       0.00000     -0.838670      0.229312       0.00000     -0.428302      0.500260       0.00000    
      23.1941   1.86415      -1.13023       0.00000      -1.22901      9.584861E-02   0.00000     -0.135285      0.601461       0.00000    
      23.6024   1.83802      -1.03338       0.00000      -1.80808     -7.954605E-02   0.00000      0.343654      0.683667       0.00000    
      24.0083   1.65929     -0.799272       0.00000      -2.18295     -0.201623       0.00000      0.750788      0.640861       0.00000    
      24.3254   1.38292     -0.434547       0.00000      -2.39036     -0.282078       0.00000       1.08254      0.486391       0.00000    
      24.4190   1.26869     -0.251269       0.00000      -2.43968     -0.304191       0.00000       1.19053      0.394115       0.00000    
      24.4835   1.18286     -6.422353E-02   0.00000      -2.47074     -0.319075       0.00000       1.26688      0.293794       0.00000    
      24.5383   1.19851      0.219161       0.00000      -2.49528     -0.331486       0.00000       1.27712      0.133692       0.00000    
      24.6130   1.54913      0.255881       0.00000      -2.52598     -0.348015       0.00000       1.09131      0.124883       0.00000    
      24.7418   1.87820      0.137599       0.00000      -2.57185     -0.375569       0.00000      0.930561      0.217896       0.00000    
      24.9984   2.26801     -8.194058E-02   0.00000      -2.63662     -0.426118       0.00000      0.748490      0.390059       0.00000    
      25.6727   2.73704     -0.497629       0.00000      -2.64346     -0.522153       0.00000      0.472545      0.716300       0.00000    
      26.5017   2.78740     -0.782672       0.00000      -2.32267     -0.532153       0.00000      0.185695      0.895326       0.00000    
      27.0762   2.57484     -0.860269       0.00000      -1.84410     -0.423039       0.00000     -6.962412E-02  0.854592       0.00000    
      27.4321   2.34031     -0.859732       0.00000      -1.38592     -0.259091       0.00000     -0.295450      0.723112       0.00000    
      27.6800   2.12286     -0.835738       0.00000     -0.917424     -2.085035E-02   0.00000     -0.539775      0.518123       0.00000    
      27.7380   2.06448     -0.827055       0.00000     -0.763227      9.136815E-02   0.00000     -0.628105      0.423139       0.00000    
      27.8067   1.99124     -0.815117       0.00000     -0.797144      0.330528       0.00000     -0.557027      0.224647       0.00000    
      27.8568   1.93480     -0.805175       0.00000     -0.950577      0.300444       0.00000     -0.400420      0.242750       0.00000    
      28.0055   1.75053     -0.768221       0.00000      -1.20722      0.189034       0.00000     -8.454046E-02  0.309705       0.00000    
      28.2886   1.30971     -0.646215       0.00000      -1.44880     -7.405723E-03   0.00000      0.373215      0.393654       0.00000    
      28.5253  0.810794     -0.406442       0.00000      -1.53147     -0.157199       0.00000      0.738697      0.369625       0.00000    
      28.7009  0.439469      4.523328E-02   0.00000      -1.53944     -0.262318       0.00000      0.967868      0.182714       0.00000    
      28.8310  0.381086      0.481600       0.00000      -1.51594     -0.335412       0.00000      0.984104     -2.063010E-02   0.00000    
      28.8946  0.397955      0.665778       0.00000      -1.49556     -0.368968       0.00000      0.957672     -0.104293       0.00000    
      29.0417  0.467958       1.02203       0.00000      -1.42712     -0.440400       0.00000      0.860918     -0.260899       0.00000    
      29.3356  0.620089       1.55077       0.00000      -1.19866     -0.558024       0.00000      0.586877     -0.484043       0.00000    
      29.7166  0.775104       2.02959       0.00000     -0.610588     -0.665394       0.00000      2.340828E-02 -0.685440       0.00000    
      29.7910  0.799037       2.10424       0.00000     -0.354103     -0.686303       0.00000     -0.196139     -0.713502       0.00000    
      29.8630  0.820317       2.17148       0.00000     -0.552385     -0.787382       0.00000     -5.028262E-02 -0.672981       0.00000    
      30.0638  0.871334       2.33571       0.00000     -0.993713     -0.894663       0.00000      0.272170     -0.685696       0.00000    
      30.5466  0.956887       2.60984       0.00000      -1.58673      -1.04797       0.00000      0.695254     -0.727532       0.00000    
      31.0694   1.00930       2.74485       0.00000      -1.93943      -1.14252       0.00000      0.945971     -0.732892       0.00000    
      32.1144   1.02699       2.56055       0.00000      -2.12106      -1.18268       0.00000       1.08065     -0.590187       0.00000    
      32.8742  0.969075       1.98676       0.00000      -1.86853      -1.08452       0.00000      0.913378     -0.324439       0.00000    
      33.1780  0.920166       1.59690       0.00000      -1.66123      -1.00331       0.00000      0.776887     -0.155497       0.00000    
      33.3739  0.872243       1.25859       0.00000      -1.48597     -0.931669       0.00000      0.665430     -9.816383E-03   0.00000    
      33.5283  0.812236      0.902113       0.00000      -1.31978     -0.860364       0.00000      0.568481      0.147023       0.00000    
      33.6076  0.756342      0.650944       0.00000      -1.22299     -0.816975       0.00000      0.524589      0.263014       0.00000    
      33.6598  0.659910      0.408628       0.00000      -1.15444     -0.785293       0.00000      0.527610      0.383058       0.00000    
      33.7305  0.300636      0.505622       0.00000      -1.05505     -0.737879       0.00000      0.663661      0.286930       0.00000    
      33.8220  0.105503      0.702297       0.00000     -0.913437     -0.667164       0.00000      0.667448      0.112353       0.00000    
      33.9859 -0.153595      0.921169       0.00000     -0.613082     -0.506273       0.00000      0.582623     -0.147683       0.00000    
      34.1222 -0.340683       1.01471       0.00000     -0.288353     -0.329381       0.00000      0.435092     -0.345319       0.00000    
      34.1984 -0.436554       1.03477       0.00000     -3.371150E-02 -0.222270       0.00000      0.288902     -0.443047       0.00000    
      34.2626 -0.510630       1.03444       0.00000      0.268553     -0.235605       0.00000      9.153542E-02 -0.432182       0.00000    
      34.3253 -0.576193       1.02051       0.00000      0.460819     -0.410931       0.00000     -2.293950E-02 -0.283559       0.00000    
      34.4220 -0.663620      0.972726       0.00000      0.605235     -0.657467       0.00000     -8.601589E-02 -5.766208E-02   0.00000    
      34.5202 -0.729144      0.886905       0.00000      0.697212     -0.863998       0.00000     -0.120283      0.159055       0.00000    
      34.6372 -0.749595      0.722045       0.00000      0.778523      -1.07580       0.00000     -0.173061      0.427414       0.00000    
      34.7285 -0.656433      0.544024       0.00000      0.829799      -1.22367       0.00000     -0.269979      0.652521       0.00000    
      34.8131 -0.383668      0.471011       0.00000      0.870487      -1.35044       0.00000     -0.466189      0.797747       0.00000    
      34.9073 -0.110815      0.659646       0.00000      0.909462      -1.48181       0.00000     -0.661081      0.789659       0.00000    
      35.0583  7.846847E-02   1.03737       0.00000      0.961139      -1.67407       0.00000     -0.815992      0.716836       0.00000    
      35.2882  0.146449       1.52064       0.00000       1.02045      -1.93239       0.00000     -0.904232      0.633529       0.00000    
      35.7721 -1.038724E-02   2.21020       0.00000       1.08791      -2.37432       0.00000     -0.864098      0.573338       0.00000    
      36.2825 -0.349195       2.55390       0.00000       1.09472      -2.72114       0.00000     -0.666259      0.644571       0.00000    
      36.8268 -0.757720       2.49402       0.00000       1.04835      -2.97484       0.00000     -0.384047      0.883458       0.00000    
      37.1735 -0.953635       2.16886       0.00000      0.997485      -3.07969       0.00000     -0.225807       1.16244       0.00000    
      37.4306 -0.939974       1.72115       0.00000      0.951453      -3.13116       0.00000     -0.197178       1.47224       0.00000    
      37.5765 -0.724204       1.40225       0.00000      0.922521      -3.15093       0.00000     -0.303494       1.67939       0.00000    
      37.7345 -0.223614       1.33870       0.00000      0.888964      -3.16474       0.00000     -0.577003       1.72857       0.00000    
      37.8498  3.400837E-02   1.52593       0.00000      0.863082      -3.16981       0.00000     -0.710870       1.62029       0.00000    
      38.1192  0.257233       1.98790       0.00000      0.798226      -3.16524       0.00000     -0.792921       1.33945       0.00000    
      38.3682  0.259903       2.30303       0.00000      0.732814      -3.14046       0.00000     -0.742193       1.13055       0.00000    
      38.9097  1.503014E-02   2.62868       0.00000      0.571382      -3.01332       0.00000     -0.466123      0.833449       0.00000    
      39.5244 -0.391400       2.44621       0.00000      0.356698      -2.72511       0.00000     -5.051810E-02  0.712365       0.00000    
      39.9460 -0.607255       1.94818       0.00000      0.194777      -2.41584       0.00000      0.208531      0.763760       0.00000    
      40.2447 -0.609897       1.36467       0.00000      7.683805E-02  -2.12842       0.00000      0.304468      0.883934       0.00000    
      40.4433 -0.408418      0.864415       0.00000     -1.951666E-03  -1.89938       0.00000      0.246612       1.00085       0.00000    
      40.5724 -7.087583E-02  0.584424       0.00000     -5.320485E-02  -1.73050       0.00000      8.508938E-02   1.03374       0.00000    
      40.7107  0.363732      0.589413       0.00000     -0.107442      -1.52697       0.00000     -0.132285      0.867925       0.00000    
      40.7932  0.519519      0.686202       0.00000     -0.138773      -1.39214       0.00000     -0.200693      0.701990       0.00000    
      40.9612  0.650622      0.862136       0.00000     -0.199074      -1.07762       0.00000     -0.231114      0.344813       0.00000    
      41.0760  0.658268      0.933160       0.00000     -0.236715     -0.813036       0.00000     -0.205588      9.053231E-02   0.00000    
      41.1370  0.645398      0.953139       0.00000     -0.253809     -0.638158       0.00000     -0.184192     -6.135641E-02   0.00000    
      41.1992  0.622925      0.960850       0.00000     -0.253060     -0.379655       0.00000     -0.171307     -0.272786       0.00000    
      41.2514  0.597691      0.957564       0.00000     -1.555947E-02 -0.438634       0.00000     -0.346167     -0.223631       0.00000    
      41.3465  0.537091      0.928625       0.00000      0.186702     -0.664077       0.00000     -0.471616     -2.591395E-02   0.00000    
      41.5193  0.371860      0.800569       0.00000      0.459183     -0.955365       0.00000     -0.590463      0.283950       0.00000    
      41.6233  0.222412      0.676802       0.00000      0.601203      -1.09177       0.00000     -0.614410      0.467332       0.00000    
      41.6795  0.115343      0.596986       0.00000      0.673362      -1.15657       0.00000     -0.607895      0.567066       0.00000    
      41.7461 -5.081222E-02  0.498037       0.00000      0.755158      -1.22643       0.00000     -0.573639      0.682319       0.00000    
      41.8525 -0.450247      0.423930       0.00000      0.877946      -1.32463       0.00000     -0.432208      0.805346       0.00000    
      41.9518 -0.809766      0.609777       0.00000      0.984247      -1.40392       0.00000     -0.301537      0.757273       0.00000    
      42.0547  -1.01542      0.877926       0.00000       1.08749      -1.47590       0.00000     -0.260738      0.653963       0.00000    
      42.2439  -1.19155       1.30577       0.00000       1.26004      -1.58405       0.00000     -0.293101      0.483771       0.00000    
      42.6492  -1.28591       1.95229       0.00000       1.56030      -1.72942       0.00000     -0.476693      0.212164       0.00000    
      43.1620  -1.23175       2.44434       0.00000       1.81331      -1.78637       0.00000     -0.711599     -3.750487E-02   0.00000    
      44.1611 -0.957472       2.76871       0.00000       1.92880      -1.61544       0.00000     -0.968560     -0.368877       0.00000    
      45.2431 -0.561474       2.37946       0.00000       1.42970      -1.08902       0.00000     -0.806875     -0.556461       0.00000    
      45.7471 -0.346780       1.89515       0.00000      0.817097     -0.698443       0.00000     -0.445609     -0.578333       0.00000    
      45.8657 -0.291214       1.74033       0.00000      0.584229     -0.586259       0.00000     -0.292655     -0.575190       0.00000    
      45.9449 -0.252330       1.62497       0.00000      0.376484     -0.507544       0.00000     -0.149789     -0.568950       0.00000    
      46.0087 -0.219773       1.52388       0.00000      0.101333     -0.467706       0.00000      5.079720E-02 -0.540163       0.00000    
      46.1163 -0.162117       1.33295       0.00000      0.330535     -0.705952       0.00000     -0.167158     -0.235008       0.00000    
      46.2810 -7.225258E-02  0.968979       0.00000      0.597461     -0.741384       0.00000     -0.434618      1.171943E-02   0.00000    
      46.4274 -3.263852E-02  0.518553       0.00000      0.763830     -0.705645       0.00000     -0.591481      0.253384       0.00000    
      46.5434 -0.143779      8.009113E-02   0.00000      0.860029     -0.643116       0.00000     -0.601755      0.466438       0.00000    
      46.6728 -0.390944     -0.325204       0.00000      0.924072     -0.542318       0.00000     -0.504691      0.628977       0.00000    
      46.8259 -0.662411     -0.695415       0.00000      0.940355     -0.396495       0.00000     -0.354837      0.734445       0.00000    
      47.0834  -1.02286      -1.18895       0.00000      0.840137     -9.719460E-02   0.00000     -5.839469E-02  0.791127       0.00000    
      47.2789  -1.24043      -1.49885       0.00000      0.633484      0.221081       0.00000      0.237469      0.722448       0.00000    
      47.3625  -1.32283      -1.61886       0.00000      0.456256      0.470942       0.00000      0.428695      0.594565       0.00000    
      47.4802  -1.43047      -1.77758       0.00000      0.845426      0.449216       0.00000      0.181941      0.707175       0.00000    
      47.7249  -1.62930      -2.07556       0.00000       1.23668      0.319962       0.00000     -1.176179E-02  0.989368       0.00000    
      48.2745  -1.99269      -2.63368       0.00000       1.63652      0.240566       0.00000     -0.113605       1.38776       0.00000    
      48.7769  -2.25525      -3.04922       0.00000       1.69886      0.320295       0.00000     -5.934380E-03   1.57329       0.00000    
      49.2994  -2.47547      -3.40937       0.00000       1.48678      0.572295       0.00000      0.295859       1.58779       0.00000    
      49.6041  -2.58276      -3.59054       0.00000       1.15806      0.879730       0.00000      0.623207       1.45054       0.00000    
      49.7133  -2.61775      -3.65069       0.00000      0.927526       1.11173       0.00000      0.828627       1.30104       0.00000    
      49.8344  -2.65451      -3.71456       0.00000       1.24189       1.09775       0.00000      0.599195       1.35054       0.00000    
      50.0455  -2.71372      -3.81902       0.00000       1.55964      0.931776       0.00000      0.380522       1.54599       0.00000    
      50.4237  -2.80545      -3.98576       0.00000       1.84842      0.770193       0.00000      0.204537       1.77530       0.00000    
      51.1734  -2.93844      -4.24605       0.00000       1.92826      0.723513       0.00000      0.220455       1.96882       0.00000    
      51.6522  -2.99217      -4.36727       0.00000       1.68996      0.879334       0.00000      0.443332       1.91689       0.00000    
      51.9763  -3.01540      -4.43028       0.00000       1.32691       1.14475       0.00000      0.747714       1.74236       0.00000    
      52.0880  -3.02099      -4.44847       0.00000       1.09673       1.34406       0.00000      0.935211       1.59384       0.00000    
      52.1425  -3.02327      -4.45668       0.00000       1.16085       1.45538       0.00000      0.885283       1.50970       0.00000    
      52.2507  -3.02694      -4.47173       0.00000       1.42408       1.31525       0.00000      0.676900       1.63083       0.00000    
      52.7361  -3.02965      -4.51874       0.00000       1.89119      0.983202       0.00000      0.304836       1.92468       0.00000    
      53.5073  -2.98910      -4.52606       0.00000       1.96218      0.817743       0.00000      0.223713       2.06144       0.00000    
      53.9631  -2.93939      -4.49154       0.00000       1.73376      0.890471       0.00000      0.376630       1.98255       0.00000    
      54.3497  -2.88181      -4.43888       0.00000       1.30741       1.13106       0.00000      0.683164       1.75848       0.00000    
      54.4020  -2.87292      -4.43006       0.00000       1.21563       1.19503       0.00000      0.751249       1.70201       0.00000    
      54.4718  -2.86060      -4.41762       0.00000       1.05675       1.32167       0.00000      0.870967       1.59324       0.00000    
      54.5289  -2.85018      -4.40690       0.00000       1.09580       1.44269       0.00000      0.833467       1.48998       0.00000    
      54.6285  -2.83122      -4.38700       0.00000       1.34022       1.30037       0.00000      0.626553       1.59190       0.00000    
      55.0683  -2.73556      -4.28049       0.00000       1.76437      0.934329       0.00000      0.229835       1.82083       0.00000    
      55.5308  -2.61349      -4.13468       0.00000       1.86859      0.724546       0.00000      7.322235E-02   1.90117       0.00000    
      56.0848  -2.43639      -3.91115       0.00000       1.71577      0.632685       0.00000      8.921692E-02   1.84054       0.00000    
      56.4564  -2.29679      -3.72819       0.00000       1.43425      0.686600       0.00000      0.230679       1.68764       0.00000    
      56.7359  -2.17951      -3.57093       0.00000       1.06898      0.846172       0.00000      0.452526       1.46562       0.00000    
      56.8089  -2.14697      -3.52676       0.00000      0.926977      0.931530       0.00000      0.546598       1.37083       0.00000    
      56.8802  -2.11443      -3.48239       0.00000      0.724859       1.09760       0.00000      0.688772       1.21135       0.00000    
      57.0628  -2.02731      -3.36251       0.00000       1.15978      0.908554       0.00000      0.288566       1.29066       0.00000    
      57.5122  -1.78850      -3.02649       0.00000       1.48472      0.492943       0.00000     -0.114675       1.42154       0.00000    
      57.9679  -1.50553      -2.61622       0.00000       1.50196      0.217260       0.00000     -0.298249       1.39593       0.00000    
      58.6616 -0.963294      -1.80067       0.00000       1.09432     -4.803898E-03   0.00000     -0.297476       1.08424       0.00000    
      58.9671 -0.651578      -1.31677       0.00000      0.692182      1.022043E-03   0.00000     -0.162799      0.789247       0.00000    
      59.1016 -0.486593      -1.05522       0.00000      0.426699      5.446969E-02   0.00000     -4.940374E-02  0.589553       0.00000    
      59.1759 -0.383163     -0.887578       0.00000      0.224807      0.131830       0.00000      5.005220E-02  0.427082       0.00000    
      59.2393 -0.285157     -0.723158       0.00000      0.247324      0.254223       0.00000     -2.676507E-02  0.230517       0.00000    
      59.3661 -5.492767E-02 -0.277002       0.00000      0.483720     -9.377243E-03   0.00000     -0.354019      0.173703       0.00000    
      59.4374  8.228784E-02  7.859760E-02   0.00000      0.504633     -0.165702       0.00000     -0.453079      8.540303E-02   0.00000    
      59.5098  0.206458      0.417864       0.00000      0.450224     -0.293857       0.00000     -0.484055     -1.563232E-02   0.00000    
      59.5874  0.316948      0.720720       0.00000      0.348674     -0.392854       0.00000     -0.469108     -0.118149       0.00000    
      59.7156  0.468748       1.14689       0.00000      8.059575E-02 -0.491016       0.00000     -0.345725     -0.295324       0.00000    
      59.7696  0.525590       1.30927       0.00000     -0.129909     -0.477643       0.00000     -0.211427     -0.403447       0.00000    
      59.8594  0.614394       1.56499       0.00000      0.108853     -0.545405       0.00000     -0.455719     -0.502669       0.00000    
      59.9998  0.743620       1.93940       0.00000      0.263884     -0.731366       0.00000     -0.657279     -0.578548       0.00000    
      60.1879  0.904835       2.40858       0.00000      0.291786     -0.938871       0.00000     -0.776330     -0.694053       0.00000    
      60.3712   1.05314       2.84177       0.00000      0.176375      -1.09936       0.00000     -0.772984     -0.825569       0.00000    
      60.5302   1.17659       3.20338       0.00000     -6.415903E-02  -1.19194       0.00000     -0.654628     -0.968475       0.00000    
      60.5920   1.22351       3.34105       0.00000     -0.227572      -1.20075       0.00000     -0.552051      -1.04403       0.00000    
      60.6778   1.28779       3.52980       0.00000     -0.206312      -1.18245       0.00000     -0.607622      -1.17192       0.00000    
      60.8127   1.38700       3.82150       0.00000      6.120347E-03  -1.34291       0.00000     -0.837099      -1.21857       0.00000    
      61.0356   1.54708       4.29271       0.00000      7.828539E-02  -1.56466       0.00000     -0.990874      -1.32390       0.00000    
      61.2345   1.68641       4.70338       0.00000     -3.752797E-02  -1.71908       0.00000     -0.981822      -1.44676       0.00000    
      61.3968   1.79817       5.03308       0.00000     -0.285516      -1.79804       0.00000     -0.850487      -1.58142       0.00000    
      61.4655   1.84496       5.17120       0.00000     -0.482904      -1.79518       0.00000     -0.720653      -1.66657       0.00000    
      61.5588   1.90811       5.35767       0.00000     -0.355594      -1.80367       0.00000     -0.860393      -1.77166       0.00000    
      61.6912   1.99693       5.62002       0.00000     -0.175991      -1.94987       0.00000      -1.05736      -1.81212       0.00000    
      61.9139   2.14447       6.05608       0.00000     -0.120177      -2.15568       0.00000      -1.19054      -1.90910       0.00000    
      62.1175   2.27763       6.44983       0.00000     -0.254289      -2.29989       0.00000      -1.16315      -2.02999       0.00000    
      62.2714   2.37726       6.74455       0.00000     -0.509436      -2.36132       0.00000      -1.01880      -2.15768       0.00000    
      62.3414   2.42233       6.87792       0.00000     -0.746991      -2.33728       0.00000     -0.855805      -2.25692       0.00000    
      62.4152   2.46963       7.01790       0.00000     -0.551060      -2.35536       0.00000      -1.04093      -2.32645       0.00000    
      62.5386   2.54847       7.25126       0.00000     -0.373024      -2.48894       0.00000      -1.23066      -2.35960       0.00000    
      62.7675   2.69345       7.68050       0.00000     -0.303097      -2.69598       0.00000      -1.37359      -2.45151       0.00000    
      62.9745   2.82351       8.06567       0.00000     -0.433569      -2.83857       0.00000      -1.34725      -2.56855       0.00000    
      63.1310   2.92112       8.35485       0.00000     -0.689953      -2.89815       0.00000      -1.20071      -2.69439       0.00000    
      63.2012   2.96476       8.48413       0.00000     -0.927024      -2.87296       0.00000      -1.03724      -2.79211       0.00000    
      63.3104   3.03242       8.68460       0.00000     -0.662789      -2.92874       0.00000      -1.28922      -2.86777       0.00000    
      63.5571   3.18445       9.13515       0.00000     -0.477717      -3.16617       0.00000      -1.52850      -2.94815       0.00000    
      63.7630   3.31046       9.50866       0.00000     -0.544562      -3.32020       0.00000      -1.55063      -3.04903       0.00000    
      63.9493   3.42390       9.84496       0.00000     -0.777349      -3.41174       0.00000      -1.43246      -3.17759       0.00000    
      64.0334   3.47494       9.99630       0.00000     -0.985520      -3.41597       0.00000      -1.29655      -3.26500       0.00000    
      64.1348   3.53630       10.1782       0.00000     -0.907378      -3.40870       0.00000      -1.39588      -3.37998       0.00000    
      64.2671   3.61620       10.4151       0.00000     -0.719705      -3.54681       0.00000      -1.59395      -3.41164       0.00000    
      64.4973   3.75466       10.8258       0.00000     -0.656854      -3.74605       0.00000      -1.72731      -3.49863       0.00000    
      64.7002   3.87609       11.1859       0.00000     -0.789511      -3.87819       0.00000      -1.69404      -3.60901       0.00000    
      64.8549   3.96838       11.4597       0.00000      -1.04770      -3.93097       0.00000      -1.54287      -3.73106       0.00000    
      64.9227   4.00873       11.5794       0.00000      -1.28333      -3.90104       0.00000      -1.37857      -3.82681       0.00000    
      65.1061   4.11763       11.9025       0.00000     -0.910447      -4.03447       0.00000      -1.74222      -3.91390       0.00000    
      65.3447   4.25878       12.3212       0.00000     -0.824862      -4.24231       0.00000      -1.89538      -3.99890       0.00000    
      65.5539   4.38208       12.6871       0.00000     -0.952345      -4.37896       0.00000      -1.86737      -4.10909       0.00000    
      65.7123   4.47519       12.9634       0.00000      -1.21050      -4.43361       0.00000      -1.71672      -4.23115       0.00000    
      65.7818   4.51599       13.0845       0.00000      -1.44674      -4.40521       0.00000      -1.55220      -4.32652       0.00000    
      65.8629   4.56352       13.2255       0.00000      -1.23070      -4.42865       0.00000      -1.75355      -4.39239       0.00000    
      66.0060   4.64726       13.4740       0.00000      -1.04465      -4.57333       0.00000      -1.95264      -4.42576       0.00000    
      66.2318   4.77909       13.8653       0.00000     -0.999121      -4.76149       0.00000      -2.06816      -4.50998       0.00000    
      66.4327   4.89601       14.2123       0.00000      -1.14134      -4.88595       0.00000      -2.02454      -4.61863       0.00000    
      66.5818   4.98256       14.4692       0.00000      -1.40117      -4.93037       0.00000      -1.86860      -4.73724       0.00000    
      66.6447   5.01906       14.5775       0.00000      -1.63116      -4.89530       0.00000      -1.70650      -4.83029       0.00000    
      66.6966   5.04915       14.6669       0.00000      -1.46079      -4.89510       0.00000      -1.86085      -4.88404       0.00000    
      66.9141   5.17504       15.0406       0.00000      -1.18176      -5.11161       0.00000      -2.15962      -4.93505       0.00000    
      67.1508   5.31167       15.4462       0.00000      -1.18871      -5.29580       0.00000      -2.23604      -5.03106       0.00000    
      67.3502   5.42651       15.7871       0.00000      -1.38519      -5.40255       0.00000      -2.14775      -5.15020       0.00000    
      67.4581   5.48854       15.9712       0.00000      -1.61104      -5.42044       0.00000      -2.00429      -5.24638       0.00000    
      67.5089   5.51772       16.0579       0.00000      -1.82913      -5.37064       0.00000      -1.84733      -5.33820       0.00000    
      67.5633   5.54898       16.1507       0.00000      -1.60853      -5.39333       0.00000      -2.04256      -5.37574       0.00000    
      67.7684   5.66658       16.4998       0.00000      -1.34965      -5.59619       0.00000      -2.32022      -5.42294       0.00000    
      67.9975   5.79770       16.8891       0.00000      -1.34672      -5.77541       0.00000      -2.40124      -5.51315       0.00000    
      68.1986   5.91254       17.2301       0.00000      -1.53171      -5.88582       0.00000      -2.32216      -5.62941       0.00000    
      68.3465   5.99692       17.4806       0.00000      -1.87023      -5.89683       0.00000      -2.10197      -5.77092       0.00000    
      68.4251   6.04169       17.6136       0.00000      -1.76836      -5.88184       0.00000      -2.21033      -5.86267       0.00000    
      68.6814   6.18754       18.0467       0.00000      -1.49246      -6.12739       0.00000      -2.51855      -5.92608       0.00000    
      68.9060   6.31510       18.4254       0.00000      -1.53714      -6.29155       0.00000      -2.55935      -6.02203       0.00000    
      69.0922   6.42070       18.7390       0.00000      -1.74804      -6.38141       0.00000      -2.45399      -6.13828       0.00000    
      69.1878   6.47487       18.8999       0.00000      -1.96693      -6.38915       0.00000      -2.31138      -6.22861       0.00000    
      69.2473   6.50851       18.9998       0.00000      -2.05342      -6.32339       0.00000      -2.26237      -6.34116       0.00000    
      69.3332   6.55712       19.1441       0.00000      -1.83331      -6.41641       0.00000      -2.46762      -6.35336       0.00000    
      69.5622   6.68655       19.5285       0.00000      -1.65022      -6.62676       0.00000      -2.69175      -6.41570       0.00000    
      69.7782   6.80846       19.8906       0.00000      -1.70763      -6.78051       0.00000      -2.71897      -6.50992       0.00000    
      69.9626   6.91239       20.1992       0.00000      -1.92812      -6.86526       0.00000      -2.60493      -6.62732       0.00000    
      70.0520   6.96275       20.3488       0.00000      -2.14200      -6.86851       0.00000      -2.46405      -6.71447       0.00000    
      70.1038   6.99192       20.4354       0.00000      -2.23153      -6.80026       0.00000      -2.40992      -6.82104       0.00000    
      70.1703   7.02932       20.5465       0.00000      -2.03694      -6.87257       0.00000      -2.58804      -6.82984       0.00000    
      70.3275   7.11769       20.8089       0.00000      -1.84959      -7.02561       0.00000      -2.79094      -6.86488       0.00000    
      70.5486   7.24189       21.1778       0.00000      -1.82197      -7.20135       0.00000      -2.88756      -6.94561       0.00000    
      70.7522   7.35609       21.5170       0.00000      -1.98128      -7.31877       0.00000      -2.82863      -7.05519       0.00000    
      70.8915   7.43417       21.7489       0.00000      -2.24133      -7.35112       0.00000      -2.66744      -7.16846       0.00000    
      70.9433   7.46315       21.8350       0.00000      -2.43456      -7.31963       0.00000      -2.53024      -7.24528       0.00000    
      71.0606   7.52881       22.0300       0.00000      -2.14414      -7.38176       0.00000      -2.80197      -7.31258       0.00000    
      71.2395   7.62892       22.3274       0.00000      -1.98421      -7.54806       0.00000      -2.98998      -7.35796       0.00000    
      71.4732   7.75952       22.7153       0.00000      -2.01280      -7.72063       0.00000      -3.04547      -7.45265       0.00000    
      71.6564   7.86177       23.0190       0.00000      -2.20485      -7.81193       0.00000      -2.95318      -7.56184       0.00000    
      71.7634   7.92144       23.1962       0.00000      -2.43539      -7.82509       0.00000      -2.80455      -7.65765       0.00000    
      71.8174   7.95152       23.2856       0.00000      -2.58976      -7.74799       0.00000      -2.69911      -7.77295       0.00000    
      72.0952   8.10629       23.7453       0.00000      -2.14590      -8.01939       0.00000      -3.14706      -7.83165       0.00000    
      72.3302   8.23709       24.1338       0.00000      -2.17070      -8.19325       0.00000      -3.20570      -7.92568       0.00000    
      72.5213   8.34334       24.4494       0.00000      -2.37220      -8.28766       0.00000      -3.10824      -8.03953       0.00000    
      72.6232   8.39996       24.6176       0.00000      -2.59415      -8.29909       0.00000      -2.96465      -8.13129       0.00000    
      72.6733   8.42775       24.7002       0.00000      -2.78122      -8.22024       0.00000      -2.83167      -8.24390       0.00000    
      72.7931   8.49428       24.8978       0.00000      -2.44483      -8.34341       0.00000      -3.14071      -8.26395       0.00000    
      73.0077   8.61333       25.2514       0.00000      -2.29063      -8.53569       0.00000      -3.33549      -8.32231       0.00000    
      73.2216   8.73186       25.6035       0.00000      -2.35035      -8.68495       0.00000      -3.35883      -8.41416       0.00000    
      73.4100   8.83625       25.9136       0.00000      -2.58109      -8.76788       0.00000      -3.23687      -8.53387       0.00000    
      73.5023   8.88734       26.0654       0.00000      -2.81641      -8.76401       0.00000      -3.07928      -8.62803       0.00000    
      73.5993   8.94102       26.2249       0.00000      -2.70008      -8.75953       0.00000      -3.20455      -8.72729       0.00000    
      73.7350   9.01606       26.4478       0.00000      -2.51240      -8.89363       0.00000      -3.39972      -8.75377       0.00000    
      73.9689   9.14530       26.8317       0.00000      -2.45421      -9.08300       0.00000      -3.52382      -8.83263       0.00000    
      74.1769   9.26021       27.1731       0.00000      -2.59941      -9.20583       0.00000      -3.47660      -8.93917       0.00000    
      74.3254   9.34216       27.4165       0.00000      -2.86111      -9.24442       0.00000      -3.31641      -9.05438       0.00000    
      74.3861   9.37563       27.5160       0.00000      -3.08715      -9.20623       0.00000      -3.15566      -9.14459       0.00000    
      74.4409   9.40589       27.6058       0.00000      -2.90295      -9.21002       0.00000      -3.32117      -9.19548       0.00000    
      74.6930   9.54482       28.0186       0.00000      -2.61592      -9.44885       0.00000      -3.63416      -9.25207       0.00000    
      74.9221   9.67102       28.3935       0.00000      -2.65364      -9.61393       0.00000      -3.67971      -9.34495       0.00000    
      75.1057   9.77211       28.6938       0.00000      -2.85438      -9.70147       0.00000      -3.57976      -9.45510       0.00000    
      75.2079   9.82831       28.8608       0.00000      -3.08274      -9.70998       0.00000      -3.43079      -9.54847       0.00000    
      75.2626   9.85843       28.9502       0.00000      -3.19652      -9.63776       0.00000      -3.35784      -9.65994       0.00000    
      75.3295   9.89521       29.0595       0.00000      -2.99535      -9.70952       0.00000      -3.54084      -9.66808       0.00000    
      75.4893   9.98309       29.3206       0.00000      -2.80368      -9.86325       0.00000      -3.74691      -9.70176       0.00000    
      75.7149   10.1070       29.6888       0.00000      -2.77795      -10.0391       0.00000      -3.84187      -9.78201       0.00000    
      75.9211   10.2203       30.0252       0.00000      -2.94537      -10.1537       0.00000      -3.77586      -9.89213       0.00000    
      76.0560   10.2943       30.2450       0.00000      -3.20459      -10.1806       0.00000      -3.61288      -10.0026       0.00000    
      76.1073   10.3224       30.3288       0.00000      -3.40994      -10.1402       0.00000      -3.46552      -10.0851       0.00000    
      76.2710   10.4122       30.5955       0.00000      -3.02899      -10.2589       0.00000      -3.82415      -10.1502       0.00000    
      76.5191   10.5482       30.9995       0.00000      -2.92156      -10.4671       0.00000      -3.99167      -10.2260       0.00000    
      76.7039   10.6494       31.3003       0.00000      -3.01616      -10.5844       0.00000      -3.97674      -10.3126       0.00000    
      76.8770   10.7442       31.5819       0.00000      -3.26560      -10.6475       0.00000      -3.83406      -10.4312       0.00000    
      76.9567   10.7879       31.7115       0.00000      -3.50556      -10.6269       0.00000      -3.66827      -10.5254       0.00000    
      77.0566   10.8425       31.8740       0.00000      -3.29624      -10.6512       0.00000      -3.86853      -10.6034       0.00000    
      77.3263   10.9901       32.3122       0.00000      -3.07731      -10.8936       0.00000      -4.13219      -10.6724       0.00000    
      77.5322   11.1026       32.6466       0.00000      -3.14630      -11.0330       0.00000      -4.14453      -10.7616       0.00000    
      77.7193   11.2048       32.9504       0.00000      -3.38576      -11.1105       0.00000      -4.01429      -10.8818       0.00000    
      77.8105   11.2546       33.0983       0.00000      -3.63408      -11.0989       0.00000      -3.84552      -10.9799       0.00000    
      77.9490   11.3303       33.3231       0.00000      -3.39798      -11.1497       0.00000      -4.07980      -11.0741       0.00000    
      78.1503   11.4402       33.6496       0.00000      -3.23985      -11.3304       0.00000      -4.27223      -11.1254       0.00000    
      78.3720   11.5611       34.0089       0.00000      -3.28820      -11.4863       0.00000      -4.30612      -11.2163       0.00000    
      78.5565   11.6617       34.3078       0.00000      -3.50000      -11.5701       0.00000      -4.19703      -11.3286       0.00000    
      78.6570   11.7165       34.4705       0.00000      -3.73917      -11.5720       0.00000      -4.03855      -11.4247       0.00000    
      78.7798   11.7834       34.6694       0.00000      -3.60362      -11.5845       0.00000      -4.18716      -11.5341       0.00000    
      79.0495   11.9304       35.1060       0.00000      -3.38994      -11.8256       0.00000      -4.44627      -11.6031       0.00000    
      79.2537   12.0415       35.4363       0.00000      -3.46006      -11.9629       0.00000      -4.45688      -11.6915       0.00000    
      79.4404   12.1431       35.7381       0.00000      -3.70009      -12.0394       0.00000      -4.32579      -11.8113       0.00000    
      79.5309   12.1924       35.8845       0.00000      -3.94777      -12.0272       0.00000      -4.15721      -11.9089       0.00000    
      79.6906   12.2792       36.1425       0.00000      -3.68049      -12.0990       0.00000      -4.42313      -12.0062       0.00000    
      79.9239   12.4061       36.5194       0.00000      -3.54528      -12.2999       0.00000      -4.60742      -12.0717       0.00000    
